9
Azerbaijan   0.0000000 0.0443353 0.0013311 0.0026237 0.0016848 0.0024890 0.0418477 0.4316874 0.0025612 
California   0.0443353 0.0000000 0.0459405 0.0465040 0.0458914 0.0456847 0.0576894 0.4446479 0.0460936 
Denmark      0.0013311 0.0459405 0.0000000 0.0025025 0.0016073 0.0023153 0.0434711 0.4334509 0.0024574 
France       0.0026237 0.0465040 0.0025025 0.0000000 0.0014134 0.0032845 0.0441867 0.4340630 0.0036967 
Iran         0.0016848 0.0458914 0.0016073 0.0014134 0.0000000 0.0022332 0.0434295 0.4333072 0.0028783 
Morocco      0.0024890 0.0456847 0.0023153 0.0032845 0.0022332 0.0000000 0.0432342 0.4330287 0.0034242 
Ptm          0.0418477 0.0576894 0.0434711 0.0441867 0.0434295 0.0432342 0.0000000 0.4434374 0.0438495 
Ptr          0.4316874 0.4446479 0.4334509 0.4340630 0.4333072 0.4330287 0.4434374 0.0000000 0.4336770 
North_Dakota 0.0025612 0.0460936 0.0024574 0.0036967 0.0028783 0.0034242 0.0438495 0.4336770 0.0000000 
