9
Azerbaijan   0.0000000 0.0441862 0.0013082 0.0025795 0.0016530 0.0024432 0.0016027 0.0416800 0.4315287 
California   0.0441862 0.0000000 0.0457840 0.0463362 0.0457327 0.0455243 0.0448860 0.0575217 0.4444897 
Denmark      0.0013082 0.0457840 0.0000000 0.0024645 0.0015798 0.0022762 0.0015362 0.0433032 0.4332923 
France       0.0025795 0.0463362 0.0024645 0.0000000 0.0013948 0.0032364 0.0019841 0.0440190 0.4339043 
Iran         0.0016530 0.0457327 0.0015798 0.0013948 0.0000000 0.0021965 0.0015381 0.0432616 0.4331485 
Morocco      0.0024432 0.0455243 0.0022762 0.0032364 0.0021965 0.0000000 0.0018109 0.0430677 0.4328701 
North_Dakota 0.0016027 0.0448860 0.0015362 0.0019841 0.0015381 0.0018109 0.0000000 0.0424217 0.4322092 
Ptm          0.0416800 0.0575217 0.0433032 0.0440190 0.0432616 0.0430677 0.0424217 0.0000000 0.4432799 
Ptr          0.4315287 0.4444897 0.4332923 0.4339043 0.4331485 0.4328701 0.4322092 0.4432799 0.0000000 
